intrinsic:
1812.8084688447589 0.0 658.0002104558839 
0.0 1810.888816854013 307.2396943775035 
0.0 0.0 1.0 
distortion:
-0.18655169385481618 4.630545941234068 -0.017133851459703874 -0.007697677731822846 -31.091234249340886 
