intrinsic:
2773.5835777621774 0.0 673.4056324026917 
0.0 2795.5380497273136 393.7064930917787 
0.0 0.0 1.0 
distortion:
-0.8868370593724828 23.759296423037462 -0.014287486859800783 -0.01659828215980349 -326.7208519524498 
